fullscreen=true
background=false
music=0.42063492063492064
fx=0.40476190476190477
