fullscreen=true
background=true
music=0.0
fx=0.40476190476190477
